1, -45, -86, -84, -78, -66, -87, -72, -78
1, -48, -86, -82, -78, -63, -91, -75, -78
1, -48, -86, -82, -78, -63, -91, -76, -78
1, -48, -86, -81, -78, -63, -91, -77, -73
1, -48, -86, -84, -78, -63, -91, -77, -73
1, -48, -86, -84, -81, -64, -91, -77, -73
1, -39, -86, -84, -81, -64, -91, -77, -73
1, -39, -86, -84, -81, -64, -88, -80, -73
1, -39, -86, -79, -83, -64, -88, -80, -82
1, -39, -86, -79, -80, -64, -88, -80, -82
1, -40, -86, -79, -80, -64, -91, -80, -82
1, -40, -86, -79, -80, -64, -91, -85, -84
1, -40, -86, -79, -81, -55, -91, -85, -84
1, -38, -91, -79, -81, -55, -91, -85, -84
1, -38, -91, -80, -81, -55, -91, -85, -66
1, -38, -91, -80, -81, -55, -84, -90, -66
1, -38, -91, -80, -81, -55, -84, -90, -77
1, -38, -91, -80, -81, -65, -84, -84, -77
1, -38, -93, -80, -81, -65, -84, -84, -77
1, -43, -86, -85, -79, -47, -87, -84, -77
1, -56, -86, -85, -79, -47, -87, -84, -77
1, -56, -86, -85, -75, -51, -83, -76, -77
1, -56, -86, -76, -82, -57, -83, -76, -77
1, -56, -86, -76, -84, -57, -83, -76, -77
1, -41, -86, -76, -84, -57, -83, -76, -77
1, -41, -86, -75, -81, -57, -90, -76, -70
1, -41, -86, -75, -73, -59, -90, -76, -71
1, -54, -86, -75, -73, -59, -90, -76, -71
1, -54, -86, -75, -73, -59, -85, -81, -71
1, -54, -86, -75, -73, -81, -85, -81, -66
1, -54, -86, -75, -73, -81, -85, -72, -66
1, -54, -86, -75, -73, -81, -85, -71, -66
1, -54, -86, -75, -73, -81, -85, -76, -66
1, -54, -86, -74, -73, -81, -85, -76, -66
1, -33, -86, -74, -74, -81, -82, -76, -66
1, -33, -82, -78, -74, -64, -82, -76, -66
1, -33, -83, -78, -74, -64, -82, -76, -66
1, -54, -83, -85, -74, -64, -82, -76, -66
1, -54, -83, -85, -81, -64, -82, -76, -66
1, -39, -83, -85, -81, -64, -82, -76, -66
1, -39, -83, -85, -81, -64, -90, -76, -66
2, -72, -92, -81, -80, -57, -90, -82, -73
2, -72, -92, -81, -80, -57, -90, -84, -78
2, -72, -92, -81, -73, -57, -90, -84, -78
2, -72, -92, -81, -73, -93, -90, -84, -74
2, -69, -92, -81, -78, -93, -90, -84, -74
2, -69, -92, -81, -79, -93, -90, -84, -71
2, -69, -92, -81, -79, -57, -90, -84, -71
2, -69, -83, -81, -77, -57, -90, -84, -71
2, -66, -83, -81, -77, -54, -90, -84, -71
2, -66, -83, -81, -80, -54, -90, -84, -80
2, -66, -83, -81, -76, -54, -90, -84, -80
2, -66, -83, -81, -85, -57, -90, -84, -78
2, -66, -83, -81, -85, -57, -90, -84, -69
2, -60, -92, -81, -85, -57, -90, -90, -69
2, -60, -92, -79, -85, -57, -90, -90, -96
2, -60, -92, -83, -81, -63, -90, -90, -96
2, -60, -87, -83, -81, -66, -90, -90, -96
2, -67, -87, -78, -81, -66, -90, -90, -72
2, -67, -87, -78, -87, -66, -90, -90, -72
2, -67, -87, -78, -86, -66, -90, -90, -72
2, -67, -87, -78, -75, -66, -90, -90, -76
2, -67, -87, -78, -75, -66, -90, -86, -76
2, -67, -87, -78, -75, -66, -90, -85, -74
2, -67, -87, -78, -81, -73, -90, -85, -74
2, -67, -87, -78, -86, -73, -90, -85, -74
2, -67, -87, -78, -85, -73, -91, -85, -74
3, -55, -68, -60, -68, -46, -78, -80, -45
3, -55, -68, -60, -68, -46, -78, -77, -45
3, -55, -68, -65, -68, -46, -78, -77, -50
3, -55, -68, -65, -78, -46, -78, -77, -50
3, -55, -68, -65, -66, -46, -78, -77, -50
3, -55, -68, -65, -66, -51, -78, -77, -50
3, -55, -76, -65, -66, -51, -78, -77, -50
3, -55, -73, -65, -66, -51, -78, -77, -50
3, -55, -73, -65, -66, -51, -78, -77, -48
3, -55, -73, -63, -66, -51, -78, -76, -48
3, -54, -73, -63, -66, -51, -78, -76, -48
3, -55, -73, -63, -66, -51, -78, -76, -48
3, -55, -80, -63, -66, -51, -84, -76, -48
3, -55, -73, -67, -66, -44, -85, -84, -49
3, -55, -73, -87, -66, -44, -85, -86, -49
3, -55, -73, -87, -66, -44, -85, -86, -53
3, -55, -70, -87, -64, -44, -85, -86, -53
3, -55, -70, -87, -64, -44, -80, -86, -53
3, -55, -70, -87, -64, -44, -80, -78, -53
3, -55, -70, -87, -64, -52, -80, -78, -53
3, -55, -72, -87, -64, -52, -80, -78, -53
3, -66, -72, -87, -64, -40, -80, -78, -53
3, -66, -72, -64, -64, -40, -80, -78, -53
3, -66, -78, -64, -64, -40, -77, -78, -53
3, -66, -78, -64, -64, -40, -77, -78, -57
3, -66, -78, -56, -64, -40, -77, -78, -57
3, -66, -78, -56, -64, -47, -77, -78, -57
3, -66, -75, -56, -64, -47, -77, -78, -57
3, -66, -75, -56, -64, -47, -81, -78, -57
3, -66, -75, -56, -64, -47, -81, -78, -56
3, -66, -75, -56, -71, -47, -81, -76, -56
3, -66, -75, -56, -75, -47, -81, -76, -56
3, -66, -73, -59, -75, -47, -81, -72, -56
3, -66, -73, -59, -62, -51, -81, -72, -56
3, -66, -73, -63, -62, -51, -86, -72, -51
3, -66, -75, -63, -71, -51, -86, -72, -55
3, -66, -74, -63, -71, -51, -86, -72, -55
3, -66, -76, -63, -71, -51, -86, -72, -55
3, -66, -76, -63, -71, -86, -82, -79, -52
3, -66, -76, -69, -71, -86, -82, -79, -52
3, -66, -76, -69, -67, -41, -82, -79, -52
3, -66, -76, -69, -73, -41, -82, -78, -52
3, -66, -76, -69, -73, -41, -73, -78, -52
3, -66, -76, -73, -69, -44, -73, -72, -52
3, -55, -76, -73, -69, -44, -73, -80, -52
3, -55, -76, -73, -74, -44, -73, -80, -57
3, -55, -76, -73, -74, -44, -73, -74, -57
3, -55, -76, -73, -74, -39, -73, -74, -57
3, -60, -76, -73, -74, -39, -84, -74, -57
3, -60, -76, -71, -74, -39, -84, -74, -53
3, -60, -76, -67, -74, -39, -84, -74, -53
3, -60, -76, -67, -78, -47, -84, -74, -53
3, -70, -76, -70, -78, -47, -85, -73, -53
3, -70, -76, -70, -78, -46, -85, -73, -53
3, -70, -76, -70, -78, -46, -85, -73, -53
3, -70, -76, -70, -74, -46, -85, -73, -53
3, -56, -76, -70, -74, -86, -76, -73, -53
3, -56, -76, -70, -74, -86, -76, -73, -60
3, -56, -76, -70, -74, -86, -76, -70, -66
3, -56, -76, -75, -74, -86, -76, -76, -66
3, -56, -78, -75, -74, -86, -76, -76, -66
3, -62, -76, -75, -74, -86, -76, -76, -72
3, -62, -76, -75, -72, -86, -76, -76, -72
3, -62, -76, -75, -73, -86, -76, -76, -72
3, -62, -76, -75, -73, -86, -79, -76, -72
3, -62, -76, -93, -73, -86, -79, -76, -72
3, -62, -76, -93, -68, -86, -79, -79, -72
3, -62, -76, -93, -68, -86, -79, -74, -72
3, -62, -76, -66, -68, -86, -79, -74, -72
3, -62, -76, -66, -68, -44, -79, -74, -58
3, -62, -76, -66, -68, -44, -79, -74, -63
3, -62, -76, -66, -68, -44, -79, -74, -64
3, -62, -82, -76, -74, -43, -79, -74, -64
3, -62, -82, -76, -74, -43, -83, -74, -64
3, -62, -82, -76, -74, -57, -83, -78, -64
3, -68, -82, -76, -74, -47, -83, -81, -64
3, -68, -82, -69, -74, -47, -83, -81, -64
3, -68, -82, -69, -74, -48, -83, -81, -64
3, -68, -80, -69, -74, -48, -83, -81, -64
3, -68, -80, -73, -74, -48, -85, -81, -64
3, -68, -80, -73, -74, -48, -90, -79, -64
3, -68, -80, -73, -74, -48, -90, -79, -55
3, -64, -80, -73, -74, -48, -90, -80, -55
3, -64, -80, -73, -74, -47, -90, -80, -55
3, -65, -80, -73, -77, -47, -87, -80, -55
3, -62, -80, -64, -77, -47, -85, -80, -69
3, -62, -80, -66, -77, -47, -85, -80, -69
3, -62, -80, -67, -77, -47, -85, -80, -69
3, -62, -80, -67, -77, -59, -85, -80, -69
3, -62, -80, -67, -66, -59, -85, -80, -69
3, -62, -80, -67, -71, -59, -85, -80, -69
3, -62, -80, -67, -71, -65, -84, -82, -69
3, -62, -80, -67, -71, -65, -84, -80, -60
4, -68, -52, -56, -58, -72, -66, -71, -37
4, -68, -52, -56, -58, -72, -66, -71, -34
4, -68, -52, -56, -58, -72, -66, -74, -34
4, -68, -52, -56, -58, -72, -66, -74, -39
4, -68, -52, -61, -58, -72, -66, -74, -39
4, -68, -52, -61, -49, -78, -66, -74, -39
4, -68, -75, -61, -62, -78, -66, -74, -39
4, -62, -75, -61, -62, -78, -73, -74, -39
4, -62, -75, -61, -62, -78, -73, -67, -39
4, -62, -75, -61, -62, -78, -73, -66, -36
4, -62, -75, -47, -62, -78, -73, -66, -39
4, -62, -75, -52, -62, -78, -73, -66, -39
4, -62, -75, -52, -60, -68, -73, -66, -39
4, -65, -60, -57, -60, -70, -70, -73, -39
4, -65, -60, -57, -60, -70, -70, -65, -42
4, -65, -52, -57, -60, -70, -70, -65, -42
4, -65, -52, -57, -60, -88, -70, -65, -42
4, -65, -92, -57, -60, -61, -70, -65, -42
4, -62, -64, -57, -60, -61, -70, -53, -42
4, -62, -64, -57, -60, -69, -70, -53, -40
4, -66, -73, -55, -44, -69, -78, -77, -36
4, -66, -62, -84, -52, -69, -78, -77, -36
4, -66, -62, -84, -52, -69, -78, -77, -36
4, -66, -62, -84, -52, -69, -78, -60, -36
4, -66, -62, -51, -52, -60, -73, -60, -40
4, -59, -94, -53, -47, -61, -65, -64, -42
4, -59, -94, -54, -47, -61, -65, -64, -42
4, -93, -78, -58, -50, -74, -72, -69, -46
5, -69, -74, -55, -53, -76, -72, -57, -57
5, -74, -74, -55, -53, -76, -71, -57, -57
5, -74, -74, -55, -53, -76, -71, -65, -57
5, -74, -74, -55, -53, -76, -71, -63, -57
5, -74, -74, -90, -53, -76, -71, -63, -57
5, -74, -74, -90, -53, -71, -71, -63, -57
5, -74, -74, -90, -48, -71, -75, -63, -57
5, -74, -74, -90, -48, -76, -75, -63, -58
5, -74, -70, -67, -48, -72, -73, -69, -52
5, -74, -70, -67, -37, -72, -73, -69, -52
5, -74, -68, -67, -37, -72, -73, -69, -52
5, -74, -68, -67, -37, -72, -73, -65, -52
5, -74, -68, -67, -41, -72, -73, -65, -59
5, -74, -68, -66, -47, -76, -73, -65, -59
5, -74, -68, -66, -47, -76, -71, -65, -59
5, -74, -68, -66, -47, -74, -71, -65, -59
5, -74, -59, -52, -36, -76, -63, -65, -52
5, -74, -59, -52, -36, -76, -63, -65, -52
5, -74, -75, -52, -36, -76, -63, -65, -52
5, -70, -75, -52, -36, -76, -63, -65, -52
5, -70, -75, -52, -36, -78, -67, -62, -66
5, -70, -75, -52, -36, -78, -67, -62, -66
5, -70, -75, -52, -42, -78, -67, -62, -66
5, -65, -75, -52, -42, -78, -70, -62, -66
5, -65, -75, -52, -42, -78, -73, -62, -66
5, -65, -75, -52, -42, -78, -73, -65, -50
5, -65, -75, -52, -43, -78, -73, -65, -50
5, -65, -75, -52, -43, -78, -72, -65, -50
5, -65, -75, -52, -43, -78, -72, -65, -57
5, -65, -75, -52, -43, -78, -72, -65, -57
5, -65, -75, -50, -43, -78, -72, -65, -57
5, -65, -75, -50, -43, -68, -72, -65, -57
5, -65, -75, -50, -43, -68, -72, -64, -57
5, -65, -75, -50, -43, -68, -72, -67, -57
5, -65, -75, -50, -43, -68, -72, -76, -57
6, -54, -80, -77, -57, -84, -60, -52, -71
6, -54, -73, -83, -57, -84, -60, -52, -71
6, -53, -73, -83, -57, -84, -53, -50, -71
6, -53, -73, -83, -57, -84, -53, -47, -71
6, -53, -78, -79, -90, -87, -66, -46, -66
6, -53, -78, -79, -90, -87, -66, -46, -62
6, -53, -78, -80, -90, -87, -66, -46, -62
6, -53, -78, -80, -74, -87, -66, -46, -62
6, -53, -78, -80, -74, -87, -66, -44, -62
6, -53, -78, -80, -74, -87, -66, -41, -62
6, -53, -78, -80, -74, -87, -66, -44, -62
6, -53, -78, -80, -66, -87, -56, -44, -62
6, -53, -78, -75, -66, -87, -56, -64, -63
6, -53, -81, -75, -72, -87, -56, -64, -63
6, -53, -81, -80, -72, -85, -56, -64, -63
6, -53, -81, -80, -72, -85, -63, -64, -63
6, -53, -81, -80, -71, -85, -61, -45, -63
6, -53, -81, -80, -66, -85, -61, -45, -63
6, -60, -82, -83, -60, -87, -58, -50, -64
6, -60, -82, -71, -60, -87, -58, -50, -64
6, -60, -82, -65, -60, -87, -58, -50, -64
6, -60, -82, -65, -63, -78, -58, -50, -64
6, -60, -82, -65, -63, -78, -58, -46, -60
6, -60, -83, -73, -63, -82, -58, -53, -72
6, -60, -83, -73, -63, -82, -65, -53, -72
6, -60, -83, -82, -63, -82, -65, -53, -72
6, -60, -83, -82, -63, -82, -73, -53, -72
6, -60, -83, -82, -63, -82, -67, -53, -72
6, -60, -83, -82, -63, -82, -67, -48, -74
6, -60, -83, -82, -63, -82, -67, -48, -69
6, -60, -83, -80, -63, -82, -62, -65, -66
6, -60, -83, -80, -59, -82, -62, -65, -66
6, -57, -83, -65, -59, -82, -62, -48, -66
6, -57, -83, -65, -59, -82, -58, -47, -66
6, -57, -83, -77, -59, -81, -58, -47, -66
6, -57, -83, -77, -53, -81, -67, -53, -62
6, -57, -83, -77, -53, -81, -67, -56, -59
6, -57, -83, -77, -66, -81, -67, -56, -59
6, -60, -70, -77, -68, -81, -66, -56, -59
6, -60, -70, -78, -59, -76, -66, -56, -59
6, -60, -70, -78, -59, -76, -64, -47, -59
6, -60, -70, -78, -59, -76, -64, -50, -59
6, -60, -70, -87, -50, -85, -64, -50, -59
6, -60, -70, -87, -50, -85, -64, -50, -59
6, -63, -70, -87, -50, -85, -65, -41, -59
6, -63, -70, -87, -50, -78, -65, -41, -59
6, -63, -70, -87, -50, -78, -66, -41, -59
6, -63, -70, -87, -63, -79, -66, -41, -56
6, -63, -87, -87, -63, -77, -66, -41, -56
6, -63, -87, -87, -63, -77, -69, -41, -56
6, -63, -87, -87, -63, -77, -69, -41, -67
6, -63, -87, -87, -63, -77, -69, -41, -63
6, -63, -87, -87, -63, -86, -69, -41, -63
7, -67, -80, -72, -64, -81, -53, -52, -67
7, -67, -80, -72, -64, -81, -53, -46, -67
7, -67, -80, -72, -64, -81, -53, -46, -58
7, -67, -80, -72, -64, -81, -53, -45, -58
7, -67, -90, -77, -64, -82, -53, -95, -58
7, -64, -90, -77, -64, -82, -45, -50, -58
7, -64, -90, -77, -64, -82, -45, -47, -65
7, -64, -90, -77, -64, -82, -45, -51, -59
7, -64, -90, -70, -61, -82, -49, -53, -59
7, -64, -90, -70, -61, -82, -49, -51, -59
7, -64, -90, -70, -61, -84, -49, -51, -65
7, -64, -90, -70, -61, -85, -49, -51, -65
7, -67, -72, -70, -61, -85, -52, -51, -65
7, -67, -72, -78, -61, -85, -52, -91, -65
7, -67, -91, -78, -68, -80, -47, -91, -65
7, -67, -91, -78, -68, -80, -47, -53, -65
7, -67, -91, -78, -68, -82, -47, -53, -67
7, -67, -81, -78, -69, -82, -47, -53, -67
7, -67, -81, -78, -69, -82, -47, -94, -67
7, -67, -81, -78, -69, -82, -47, -46, -53
7, -67, -81, -80, -62, -82, -63, -50, -53
7, -67, -81, -80, -62, -82, -63, -45, -53
7, -67, -81, -80, -64, -86, -63, -45, -53
7, -67, -80, -80, -64, -86, -41, -45, -53
7, -67, -80, -81, -64, -86, -41, -45, -54
7, -67, -80, -78, -64, -86, -41, -45, -54
7, -67, -87, -78, -58, -88, -41, -89, -54
7, -67, -87, -78, -58, -88, -41, -60, -54
7, -67, -87, -78, -58, -88, -41, -60, -54
7, -67, -87, -72, -58, -88, -41, -60, -54
7, -67, -87, -78, -58, -88, -41, -60, -54
7, -67, -87, -78, -50, -85, -65, -60, -54
7, -67, -87, -78, -50, -85, -37, -60, -54
7, -67, -87, -78, -50, -85, -37, -54, -54
7, -67, -87, -78, -50, -85, -37, -52, -54
7, -67, -83, -78, -50, -86, -37, -52, -93
7, -67, -83, -78, -50, -86, -37, -56, -64
7, -67, -83, -78, -50, -86, -37, -56, -54
7, -75, -83, -78, -50, -86, -37, -53, -54
7, -75, -83, -78, -50, -86, -37, -53, -54
7, -75, -83, -78, -72, -86, -37, -53, -54
7, -78, -83, -80, -75, -86, -37, -52, -67
7, -78, -83, -80, -76, -86, -37, -52, -67
7, -78, -83, -80, -76, -86, -41, -52, -67
7, -78, -83, -79, -76, -86, -41, -56, -67
7, -78, -83, -79, -76, -85, -35, -56, -67
7, -74, -85, -79, -76, -85, -38, -56, -74
7, -74, -85, -79, -76, -85, -38, -65, -74
7, -74, -85, -79, -76, -85, -38, -65, -73
7, -74, -85, -79, -76, -85, -38, -66, -76
7, -74, -85, -75, -76, -87, -38, -66, -76
7, -74, -85, -75, -69, -87, -38, -59, -76
7, -74, -85, -75, -69, -87, -38, -56, -67
7, -74, -85, -75, -69, -87, -38, -63, -64
7, -74, -85, -83, -69, -87, -38, -63, -64
7, -74, -85, -83, -69, -87, -38, -63, -64
7, -74, -73, -83, -70, -87, -38, -63, -64
7, -74, -73, -83, -70, -87, -38, -52, -64
7, -74, -75, -74, -77, -87, -38, -52, -64
7, -74, -75, -74, -77, -87, -38, -95, -64
7, -73, -75, -74, -77, -87, -46, -62, -64
7, -73, -75, -81, -73, -87, -46, -63, -68
7, -73, -75, -81, -73, -87, -52, -63, -68
7, -73, -75, -72, -73, -87, -52, -61, -68
7, -73, -75, -72, -73, -87, -51, -61, -68
7, -73, -75, -72, -73, -87, -52, -56, -68
7, -73, -75, -90, -73, -87, -52, -56, -68
7, -73, -75, -85, -73, -87, -52, -56, -68
7, -73, -75, -84, -73, -87, -52, -56, -68
7, -73, -75, -84, -73, -89, -52, -56, -77
7, -81, -75, -83, -76, -86, -42, -50, -73
7, -81, -75, -83, -76, -90, -42, -50, -73
7, -81, -75, -83, -66, -90, -42, -48, -73
7, -64, -75, -75, -62, -90, -44, -61, -65
7, -64, -75, -75, -62, -90, -44, -51, -65
7, -64, -75, -75, -62, -79, -44, -51, -65
7, -64, -75, -75, -62, -79, -44, -93, -65
7, -70, -75, -74, -62, -86, -44, -93, -65
7, -70, -74, -74, -62, -86, -44, -50, -65
7, -70, -74, -74, -62, -86, -44, -50, -48
7, -70, -74, -74, -62, -77, -44, -50, -48
7, -73, -74, -74, -63, -77, -44, -67, -48
7, -73, -74, -74, -63, -88, -44, -67, -48
7, -73, -74, -74, -63, -88, -49, -67, -64
7, -73, -74, -74, -63, -88, -49, -68, -64
7, -73, -74, -74, -74, -88, -49, -68, -64
7, -79, -74, -85, -74, -90, -49, -68, -64
7, -74, -74, -85, -74, -90, -58, -68, -72
7, -74, -74, -85, -71, -90, -58, -68, -72
7, -74, -74, -85, -68, -90, -58, -68, -72
7, -79, -74, -85, -68, -90, -49, -77, -72
7, -79, -74, -85, -68, -90, -49, -65, -72
7, -84, -74, -92, -71, -90, -48, -65, -69
7, -84, -74, -92, -71, -90, -48, -60, -69
7, -84, -74, -92, -71, -90, -48, -64, -69
7, -84, -74, -78, -94, -90, -48, -64, -62
7, -84, -74, -78, -94, -90, -48, -64, -62
7, -84, -74, -78, -94, -90, -49, -61, -62
7, -84, -74, -78, -94, -90, -46, -61, -62
7, -84, -74, -78, -94, -90, -46, -66, -63
7, -84, -74, -78, -94, -90, -46, -69, -63
7, -84, -74, -78, -74, -90, -46, -69, -63
7, -84, -74, -78, -74, -85, -46, -69, -63
7, -84, -74, -78, -79, -85, -46, -69, -63
7, -84, -74, -78, -79, -85, -43, -87, -63
7, -84, -74, -78, -79, -85, -43, -54, -63
7, -84, -74, -78, -79, -85, -43, -58, -63
7, -84, -74, -78, -79, -88, -41, -58, -63
7, -84, -74, -75, -79, -89, -35, -68, -72
7, -84, -74, -75, -79, -89, -35, -65, -72
7, -84, -74, -75, -79, -89, -35, -65, -68
